0
1
2
3
4
5
6
7
8
9
10
12
123
1234
12345
123456
1234567
12345678
123456789
98
987
9876
98765
987654
9876543
98765432
987654321
00
000
0000
00000
11
111
1111
11111
111111
22
222
2222
22222
222222
33
333
3333
33333
333333
44
444
4444
44444
444444
55
555
5555
55555
555555
66
666
6666
66666
666666
77
777
7777
77777
777777
88
888
8888
88888
888888
99
999
9999
99999
999999
85
8585
11
12
13
14
15
16
17
18
19
20
21
22
23
24
25
26
27
28
29
30
31
32
33
34
35
36
37
38
39
40
41
42
43
44
45
46
47
48
49
50
51
52
53
54
55
56
57
58
59
60
61
62
63
64
65
66
67
68
69
70
71
72
73
74
75
76
77
78
79
80
81
82
83
84
85
86
87
88
89
90
91
92
93
94
95
96
97
98
99
100
101
102
103
104
105
106
107
108
109
200
201
202
203
204
205
206
207
208
209
300